0.6938429317285311
0.692716720345787
0.6918926325663596
0.6908059800248839
0.6900847827285397
0.6899425395259773
0.6896055808151346
0.6889409092029286
0.6886294804480633
0.6884035567880202
0.6879972316620109
0.6873608137017305
0.6869910761123187
0.6866474359045995
0.6862333314534326
0.6861742719154525
0.6859885669489789
0.6858452259181355
0.6857260985521493
0.685720718904739
0.6857687030069628
0.6858191666098943
0.6857489720315135
0.6857500808879667
0.6856998073897173
0.6858964806611317
0.6859728365742688
0.6860494322188625
0.6859579327873196
0.6859362335457151
0.6856606857367024
0.6857749084544077
0.6856933028687464
0.6856933217741844
0.68566234915267
0.6855434279084731
0.6854654175069363
0.6853561821488032
0.6854633599651018
0.6854463820940597
0.6854582003559835
0.6853101439938146
0.6854042631413968
0.6855245274594177
0.6856811986620731
0.6854749545126759
0.685285072232133
0.6851456997678144
0.6849677457683412
0.685016027893789
0.6850118592447121
0.6850151377627502
0.6851184192207942
0.6849863161599583
0.6850219379437652
0.684997245603721
0.6849526999280316
0.6849651872323999
0.6849818116767816
0.6849748334695589
0.6850262486462025
0.6850045620082233
0.6850110780825174
0.685255452924888
0.68523363998808
0.6851060324828531
0.6851502407489894
0.6849666776110948
0.685251582299035
0.6849181323849682
0.684920998134277
0.6848999054421412
0.6851504909834673
0.6849754079848134
0.6849554501441082
0.6849085255341383
0.6847548075184423
0.6847972019128338
0.6845208057222912
0.6847890883290295
0.6845827619934922
0.684649522871698
0.6847502274135135
0.6847987035822763
0.6848183221753998
0.6849181000881783
0.6850690261382889
0.6850334818142626
0.6849810822419659
0.6850307331736393
0.6848478109826075
0.684471749524188
0.6843754580892655
0.6839269743616886
0.6841093635243991
0.6839562173982023
0.683928541149862
0.6838999259314348
0.683775744249117
0.6838285563275678
0.6836862343523471
0.6837018678366875
0.6835923181756478
0.6834982124194174
0.6836132323164247
0.6835150130519783
0.683477682164062
0.6835897693550009
0.6836237182701211
0.683586023189948
0.6833710904163411
0.6831221556873573
0.6830019564880674
0.6829293026272946
0.6829783281040612
0.6828778304717614
0.6829487951841648
0.6828452784584482
0.6828046819186946
0.6825002103650097
0.6824648684867153
0.6823979261688199
0.6822377312025835
0.6821686675370002
0.6822511963382166
0.6818892950528519
0.6817005213661866
0.6818416420583683
0.6820498888713148
0.6818068292697621
0.6816440962484754
0.6817296042316285
0.6815764977543365
0.6816431486133961
0.6815652182973954
0.6814848483921673
0.6813380930917379
0.6809408780236601
0.6808738372399419
0.6807080126543927
0.6805560239611218
0.6803556982641178
0.6800598352491067
0.6799464834944267
0.6797376078130916
0.6796288739742161
0.6795022800105259
0.6793505538927826
0.6792483826040696
0.6790181196208568
0.6789537873037061
0.6786727057154484
0.6785974838660151
0.6783797050362642
0.6781410128534628
0.6784604428098066
0.6783551413582285
0.6780928003105298
0.677939943279989
0.6776570767032942
0.6774737905825813
0.6773009444648473
0.6772083750380293
0.6772678552220046
0.6772248968153798
0.6771090702863517
0.6764832905735738
0.676201197281808
0.6759327862756368
0.6757034921961209
0.6753790630643063
0.6752688307068947
0.6747552098681748
0.6744651106485712
0.6743076052434644
0.6739798314245787
0.6736890481957255
0.6733240319768763
0.6729816718248544
0.6726216232724127
0.6727739601408332
0.672153718408509
0.6717242141652212
0.6713466725685523
0.6711475667974497
0.6705549495860869
0.6701640066596379
0.6698566693566445
0.6693843206645108
0.6690891333876202
0.6686825649853845
0.6680612839791218
0.6677343065518114
0.667256981528278
0.6667967572611334
0.6664343641718053
0.6658604092534943
0.6653840439435144
0.6648439712461396
0.6642152388715534
0.6640204984185979
0.663459932489017
0.6625720879579956
0.6621814779773157
0.6616030534983731
0.6612095362814513
0.6607737092194578
0.6601053090347593
0.6595849594355679
0.6589308257670129
0.6583641969684987
0.6574083306715877
0.6567090944046491
0.6558416055162573
0.6549990019609224
0.6541233858347989
0.6537596010951744
0.6527948757625361
0.6518317085530789
0.6512662282599226
0.6503311393019386
0.6493562578104666
0.6484327610368771
0.6475925865677485
0.6466684091983913
0.6458515073234289
0.6445063126769885
0.6436243129459247
0.6428729111927721
0.6416172873606241
0.6407089884585746
0.6401736108742097
0.6390950900342496
0.6383535328940673
0.6370990242201852
0.6357811613229928
0.6348084166711647
0.6336812195798899
0.6325375251307886
0.6312424393477419
0.6299017497096293
0.6285812593504195
0.6268897279768788
0.6256600463442865
0.6243286098677682
0.6229132472943629
0.6213507788821989
0.6200929767234735
0.6185976353510886
0.6173662112672949
0.6155575277521746
0.6150146531113444
0.6127225777651245
0.6111863990712271
0.609861585799818
0.6082907350577972
0.6068654509367922
0.6052738294202326
0.6033099277954269
0.6015518302434342
0.6004950905686434
0.5986158283271453
0.5970529940159836
0.5955706410733613
0.5937631602854455
0.591728611664625
0.5904843711380391
0.5892180134808964
0.5871114554909358
0.5856971362613896
0.5836154813283341
0.5819605441870669
0.5803155553761032
0.5787016474990593
0.5770698540273742
0.5753917142683189
0.5744272922104151
0.5738977980246103
0.5707769371601978
0.5689249712202518
0.5670809719531021
0.5666601917817204
0.5643590181934676
0.5616680648883534
0.5602079843897126
0.5589094792168571
0.5577690724759375
0.5555131543050253
0.5539257539526481
0.5521954901943122
0.5508200410704256
0.5492657396761856
0.547697383664253
0.5461400107927784
0.5447589573881174
0.543187853523288
0.5418973052422906
0.5404255261505228
0.5399270083935775
0.537332354138076
0.5373619030750796
0.5353824911138559
0.5336275741392296
0.533400472827945
0.5314669420015444
0.52948784184876
0.5276008185967475
0.5264600875094073
0.5249175563257696
0.523549093548947
0.5220782957675698
0.5206234638911512
0.5192710817647925
0.5180171105830155
0.521131589811804
0.5192282441429105
0.5143399852356721
0.5140209471076596
0.5111752026406678
0.5110216606818632
0.5080511076334815
0.5081408790554769
0.5063963195038262
0.5049446248798118
0.5042793941130197
0.5022756003073133
0.5014189141699921
0.5004038204180512
0.49874780080917125
0.4981275991196149
0.49991469872943106
0.49809483652072856
0.49835177468308267
0.4994686721179979
0.49344786253269546
0.49256489809914306
0.4908258387170699
0.48833003758333854
0.49050294026929375
0.4873857110870042
0.48634786674104596
0.48546604116320086
0.4833529218703114
0.48270525530571456
0.4815166383850417
0.48054069044306413
0.4804311762297206
0.47920459285706674
0.4773527465202735
0.4762088695811805
0.47602404555560207
0.4743031764870698
0.47316835249573125
0.47298057252615033
0.4715522800773251
0.4703710413976913
0.47006640310854636
0.4736826845202677
0.4755405203361343
0.4711676778247178
0.46849021236801985
0.46844498517754846
0.4651344780879924
0.4645134439027257
0.46339052613611265
0.4619715791441796
0.46105574406191113
0.46067248567085434
0.4596509290161637
0.45902062407674243
0.45818476346095754
0.4588612399437354
0.45795678015847563
0.4562933095751355
0.4564455303851728
0.45523408757695016
0.4545634469009181
0.4539220540534032
0.4536185609874221
0.4524139561054465
0.4518890349350312
0.4511140088677931
0.4504567693246094
0.4500002375258223
0.4502745453875496
0.4488424962050064
0.4486244349752754
0.44784170783038707
0.4471227479401139
0.44660176290814574
0.4458249601235999
0.44547187520543907
0.45608453459151516
0.45130605463939616
0.4469480943837355
0.4478286738437703
0.44406102289187227
0.4432255812153417
0.4411142580047053
0.4411934083778953
0.4413515326735207
0.4398133954287626
0.4394439160167383
0.43880304169024664
0.4386182145137619
0.4380382375570121
0.4373877623532837
0.4378540882192519
0.43733227732160546
0.4364121912728322
0.4353822732286831
0.43501327295135295
0.43635716896487753
0.4361742562265648
0.4344945073390322
0.4336931169820777
0.432682277872699
0.43328803620149386
0.4322173548821311
0.43151669296136513
0.43135996425466916
0.4301707151177696
0.430006780813444
0.4294614325798556
0.42929561022619844
0.4289925920280591
0.4311765613534902
0.43113886515737104
0.4277293059794388
0.42736497626430664
0.42699505014566597
0.42659487919922967
0.4262750919432367
0.4258705168831191
0.42532001232260647
0.42503288768986774
0.4247930568482907
0.4324464891187945
0.43388341098104805
0.42554198697800155
0.42555153186100697
0.4226058290918493
0.42281370541072627
0.4224884746358258
0.42214953610550465
0.42223052385094934
0.4219688084550891
0.4216932499461237
0.421461072918602
0.4211872516749714
0.4208113901678161
0.4205059374350283
0.42065745434571994
0.42075851881293996
0.41948413271210794
0.42085297924306425
0.42108120647821135
0.41855725842950625
0.41836469814115684
0.41825584962241974
0.4177991390753423
0.4174498752875475
0.4173518394321072
0.4171452799951452
0.41696425858835817
0.4164152520868747
0.41648983167656717
0.4160310142890997
0.4156064950422043
0.41545539103152995
0.4151612097471296
0.4149327751101376
0.4149044028725393
0.41437480477246946
0.41441869499399797
0.4140222792058264
0.41353445404951794
0.4138187004606104
0.4131228993380122
0.41320199036913297
0.4130603257517457
0.41394258740189843
0.4123613125427179
0.4129467536305541
0.4122551938248101
0.41182963215306995
0.41146449659364337
0.4110664378703953
0.41098589282729026
0.4108769716407759
0.41086431481108265
0.4106200882254193
0.4101899987012804
0.42007057014278376
0.41671031516554075
0.4169400586430722
0.41444516562680317
0.4132949306182399
0.4090575451105177
0.4103651790826331
0.40841547337397605
0.4090229752699184
0.4084232710794205
0.4084447874371701
0.40795459151924446
0.4082327243515048
0.40810529615254126
0.40776108815806555
0.40768833090817874
0.4075060962055223
0.4072920530049811
0.40724181236149454
0.4073125404933476
0.40699985636488456
0.4067854844526047
0.4069211464621422
0.40672253485818266
0.40669072934709455
0.4194943029187324
0.41470959152419135
0.40996389110708026
0.41008928194970284
0.42386850163274925
0.44054928592648274
0.4139830314509144
0.40610401969124044
0.409557409748632
0.40567551307084804
0.4053992634302719
0.40575397690749904
0.40542724981313233
0.40514938008155066
0.40494738913055034
0.4047779776976497
0.404711679805743
0.40448919037102604
0.4045364417562401
0.4042763560353922
0.4041352327830991
0.40422463121655755
0.4039756232946455
0.4037039930468614
0.4036283177951359
0.40356150118527434
0.4034384546826064
0.4032871010282491
0.40329911766598403
0.4032161447839065
0.4030238844880974
0.4028926349946581
0.4027709720024453
0.40287945639456946
0.4027990299043151
0.40252767759272706
0.4024307919493856
0.4028365859507464
0.402463727388613
0.4023510054869799
0.4022780874752263
0.40268101172300164
0.4024359003562759
0.4021043420363103
0.4020416920405653
0.40301448284004227
0.4023971686279196
0.40204849747309074
0.4020301976655548
0.4017521515816844
0.401467597169498
0.40162370711696305
0.40193679259212006
0.4019812965183006
0.40192283407707047
0.4014139233181655
0.4015508144437479
0.40145256819966607
0.4013670732796455
0.4013202728679002
0.4014196794988825
0.4011822374381683
0.40100018752303945
0.40105372076517687
0.40086674083040674
0.40094805564649305
0.40074338996988035
0.4006642371022229
0.4004653833379829
0.4004558306433556
0.40056306911460104
0.4005914653450382
0.4006633680428702
0.40041526889485934
0.4005242032101501
0.4002301740226241
0.4016698019882656
0.40082130105222374
0.4009664815559261
0.4000623295748286
0.4011115928053331
0.40006135266257803
0.4005515981088126
0.40024818276518764
0.3998922855974819
0.3997745779117299
0.39973409053775183
0.39972054091844267
0.4002708312173247
0.3999067833770214
0.3996132659491988
0.3994741823179606
0.3994086391665862
0.3993921408569235
0.39925794224644545
0.39927725218203625
0.3994302169341873
0.3993052543522503
0.39926003083783623
0.39934808042080916
0.39902845671654796
0.39900505122634283
0.39900885253225654
0.3990514162878633
0.39909405625601696
0.3990907319841931
0.39891178919092674
0.3989347331718201
0.4000516420944147
0.4046888466973662
0.39900585969639246
0.40265346597469853
0.3995347860626187
0.401030850436719
0.3982982577731431
0.3998905682878872
0.4121573698678206
0.4033885685489041
0.4013986965633174
0.39969645571866225
0.3984508328632111
0.39907504769148805
0.40033333298918433
0.3992285681847434
0.39823502354684903
0.39855086041967247
0.3982956886685367
0.39815642655158356
0.39818958616466776
0.3982605264575471
0.3981648845688362
0.3981696679728672
0.39806724323312614
0.39809845571738506
0.3979811418949245
0.39802623497494516
0.39776668700877793
0.3976856648002952
0.3977274170662338
0.3977281808327998
0.3976279622526421
0.39762887870687746
0.3976022238773396
0.3977210429796563
0.39754998221140075
0.3977848811953078
0.3974954776695646
0.39747827877557224
0.39755801817131464
0.39760545756060645
0.39738607852994606
0.397426519296768
0.39727160262378824
0.39744039490359473
0.39725387391802497
0.3972747892403918
0.39732297139020745
0.39714455663632714
0.39718675423036065
0.3971797995236477
0.3970809629441358
0.39704447702426743
0.39697630998846717
0.39708408070030715
0.39689048773522945
0.3969645771292338
0.39707720568526683
0.39696875805371656
0.3970160146904412
0.3969726922228473
0.396934079441205
0.3969424374828255
0.397034613637147
0.39687953285446254
0.39693447113824837
0.3968976346144067
0.3967843108896642
0.3969369016029761
0.39729731513540123
0.39687423985697623
0.39668460590723853
0.39710457130675797
0.3965718150795294
0.39696470172132164
0.39674071514658993
0.39693421365012155
0.39730654912898195
0.39743994406141375
0.39708044133785014
0.3970654228053954
0.39670792786560394
0.39690436350616587
0.39687605865201236
0.396921057270487
0.39699515687211495
0.39704512709563
0.39755415279697215
0.39719709261661057
0.3967708443755095
0.39714250296748155
0.39686422916498476
0.39673977112192416
0.3968424813469076
0.39759253457779403
0.3974182632000961
0.3966432033262589
0.3967647245276867
0.3965711936288993
0.3966293566027402
0.3964965090746396
0.39650590855644663
0.3964987882958635
0.39644065394275513
0.39642571595534354
0.3964840160592537
0.3967086601231067
0.39633425420338886
0.3966046343290858
0.39630433405023313
0.39640498391069506
0.3962972826500821
0.39624607057560907
0.39627346967548
0.39627859915405644
0.3962842050102839
0.3962217370450234
0.3962328752363306
0.3961434955770224
0.3962339395862319
0.3961136797976389
0.39609520885650285
0.39609302219315246
0.3960015619510071
0.3961096074809587
0.3959229438840555
0.39606015305424574
0.3959743012940831
0.39607665087157934
0.39598053802083766
0.39595321385345794
0.39586032040843877
0.39599694738304037
0.39592875041362996
0.3959305168248483
0.39588288299837826
0.39616514433848177
0.39608658226576143
0.39587702808926284
0.3959341971490877
0.40156609161309736
0.3974200445781195
0.3980848925754362
0.3956637372660742
0.3961315252182242
0.39585518764766825
0.39623909505978555
0.39592546854775384
0.39610892553949145
0.39596961064485725
0.3959821769844593
0.39593866710358255
0.395863317642443
0.39589952746414403
0.39596614418838516
0.39585468376523075
0.3958201072289555
0.3962827119401898
0.3958981496647066
0.3961274959967525
0.39684161346914487
0.3957452010609505
0.3958472725053191
0.3957714511959563
0.3959530691086983
0.40165639967382744
0.3955912133145437
0.39650821764563676
0.3960903249516886
0.3956037916669762
0.39571930553419477
0.39555984807697164
0.3956789245689493
0.3955633275965762
0.3956418580945893
0.3955794627971061
0.3955613108852361
0.3955857136701172
0.3960616918781255
0.39686456178253443
0.39572970894070975
0.3956772472364787
0.39618515390656595
0.42153808861839615
0.40762218816558693
0.4037275007117687
0.3971702897601191
0.397688741200821
0.3968876497861047
0.39628584400672745
0.3957922440268395
0.3962123736017076
0.3957762088019417
0.3955569577112072
0.3957963402050707
0.3955404209342297
0.39592204384079066
0.39571492157318516
0.39555497946718193
0.39562528583709367
0.39552475748345717
0.3955747372253351
0.39569872007233453
0.3956501725486722
0.39560268950619887
0.3953999527422342
0.3954979106783867
0.3955144548731228
0.39551378642147333
0.3955705307653822
0.3954666616633075
0.3954568305729769
0.39536516151764317
0.3955318746259559
0.39550062981208517
0.3954182655800807
0.39560769104484944
0.39543101808573183
0.39541272996280685
0.39536975087835924
0.3953599080377738
0.3954303579708553
0.39548157227722036
0.3953846763277894
0.39537543898637073
0.39539649623081025
0.3954030157185861
0.39541375092210224
0.39536737319131254
0.3953921792265602
0.3954291509111547
0.3953883989266887
0.3953607875345037
0.3954631961914936
0.3954429454149654
0.39538946885632
0.39536284937601257
0.39549097169338343
0.39964470332939717
0.3953969235068376
0.3959559548137472
0.3956416016239427
0.39574855520074065
0.3956078138973744
0.3953529394145579
0.39525438667919144
0.3954906660554693
0.3953682969320188
0.39539262140374876
0.39541849868150536
0.39538306759317543
0.3953909128247904
0.3953962316859661
0.39542363991033663
0.39533504443284173
0.3953642488051091
0.3953746710842401
0.3953079788695348
0.39525696156045936
0.39533520978978026
0.39528271116086566
0.3954820149795599
0.39536789545403705
0.3953955913298981
0.3954786677323774
0.39526001551077755
0.39528912253316806
0.39517224885293567
0.3952265525573151
0.395224758739776
0.3952444741904473
0.3954779712507903
0.3953602626460239
0.3954761382766757
0.3955339379772741
0.39551769269195425
0.3954034578301308
0.39542936576358023
0.3951355305209034
0.3952694879229373
0.39518004590194133
0.3952725661614918
0.39522031048058415
0.39521473121012884
0.39523178995443337
0.3952689128825318
0.3952276923976806
0.3953018429389609
0.39529951704493704
0.3952902805568888
0.39547033949307936
0.39543154244906054
0.39538772443580206
0.3953047441031439
0.39526687398355964
0.39519376054996963
0.39519092762260183
0.39521593676002015
0.3952673298146756
0.3952949123891965
0.3952590471322316
0.3952390364482014
0.39519258926618467
0.39516283420739196
0.3951384629315742
0.39514749927142645
0.3951447852907727
0.3951543370007418
0.39516537331274426
0.3951981459551446
0.39516246102192326
0.3951909271630947
0.39512216631273867
0.39512829784517245
0.39518713215899365
0.3950518795375257
0.3957538604736328
0.3955044181861541
0.3952593527701458
0.3951137541149156
0.39507889616331865
0.39504303386032846
0.39513579391697956
0.39520513486232
0.3951985694238268
0.39511578697465066
0.3950921864236504
0.39525401539739535
0.398239469541327
0.39466308497122204
0.39638837187300696
0.39548460975092414
0.3952548654856661
0.399259109329022
0.39574618532531586
0.39628774085233914
0.39501501941470846
0.39527947944691527
0.39541128389373226
0.39694607126555254
0.3962968091607619
0.3959918922789821
0.39557675065448106
0.3953246620651909
0.39524990549959277
0.39527166782496787
0.39534498449201627
0.3954356120415196
0.395415732776541
0.3953728576063585
0.39537374301103767
0.39662949550519433
0.3956973886174778
0.39592911073289777
0.395446615564403
0.39527068467654847
0.3952050865484229
0.3979745501988785
0.3957409183884507
0.39600144713985763
0.39561927266057895
0.3952918380892749
0.39519013976473116
0.39508334832832154
0.395087078607555
0.3956047847932656
0.39514586263816265
0.395324050526787
0.39504546137108154
0.3950428888529933
0.3950685028987834
0.3950868619827447
0.3950547119725643
0.3949991803337299
0.39511730544892704
0.3953394162497331
0.3949670297327546
0.3949952810215005
0.3950689640470538
0.3950531091458997
0.3952878942048497
0.3951708283193311
0.3950585268667616
0.39511570741426577
0.3951650545460537
0.3949987865360823
0.3953857951621127
0.39493311331135583
0.39499359794519023
0.39510125007135755
0.39492912249155504
0.3949232569481308
0.3949252470736987
0.39490365325616844
0.394940774444704
0.39498267798696846
0.3950010117323913
0.39505264471543516
0.39513669980254995
0.3954588012023119
0.395043899046692
0.3949667273113906
0.39515414348257794
0.3950445418315837
0.39494887952762553
0.3951905927403383
0.3949572650083886
0.3949133892285141
0.3949590776985437
0.3950238840958095
0.39493567250373607
0.39492070464835816
0.3949782559525074
0.3949702235045412
0.39503545533980566
0.39508475054728304
0.39500693996572284
0.3950838971768182
0.3950774888569563
0.3949993966959647
0.39495111962509577
0.3949680636238947
0.3952261756301451
0.39518386719641707
0.39605674915639316
0.39505945763136324
0.3950957937518931
0.39533381781126437
0.3948658526206332
0.3949934512639361
0.3949423547883391
0.3949841759803537
0.3960185100853706
0.3951958607603275
0.39511480566425994
0.39490283086961586
0.3975418622929619
0.39511975800282106
0.39588182370305586
0.3953992498603686
0.39567541577217336
0.39514206999724133
0.3952931141406954
0.3952400320033145
0.3951637981221539
0.3952443163825552
0.39519144476510354
0.3952002579814012
0.39517675753732084
0.39521789737866314
0.3951735001894346
0.39518412488147553
0.3952494457954877
0.3952409377575971
0.3953058478721963
0.39532071036914374
0.3952340386512521
0.39522949826087195
0.3952874289210147
0.39522842636192423
0.3953538292173772
0.39501474226623906
0.3950945611567224
0.39608325884730805
0.3950917760837446
0.3955675416055755
0.39507621474203036
0.39493124653064204
0.39493649147680676
0.39473468170292053
0.39488445340536765
0.3948535755736187
0.39488785349587513
0.39481153152062504
0.39485152446488453
0.39483703731965386
0.3948360457031737
0.3947689365185305
0.39475268309336925
0.39480880204801516
0.39491382346279297
0.3948396168616375
0.39481599766777475
0.39475309001979325
0.3948511725480336
0.39476187363070014
0.39496176463391813
0.39497113181893523
0.39505534070966525
0.3951563244677325
0.39481889512307844
0.39477704380052203
0.3948390216029163
0.39625801914063846
0.3949739234563012
0.39491427023505327
0.3949574320720681
0.3948849260413174
0.39492377409063245
0.3949257025109514
0.3948147753786936
0.3949150299316986
0.39479758587177627
0.3947700280449989
0.3947218753692862
0.3947258360585452
0.394724395306625
0.3948408869394647
0.3948367852471473
0.39475677454524105
0.3947821950072234
0.39478174915397746
0.3949381019181617
0.3947511107582878
0.3950630765129291
0.3952912677752289
0.394729642878545
0.39500902218965706
0.39482081822624293
0.3948468390671692
0.39476081321943174
0.39471945205974157
0.3947592052725443
0.39476731879070465
0.3947157591975208
0.39462342372549786
0.3947502849910753
0.3947251322904872
0.39467782500950777
0.39472159907418725
0.39469175007899954
0.39475555865643835
0.3947135346576506
0.39473290557640767
0.39468530155225995
0.39469280963689746
0.3946812247389739
0.3947589140106403
0.3947952783908613
0.3947219473149808
0.3946851094782615
0.3947105498303401
0.39468844103655626
0.39467488432770786
0.3947018082315176
0.39473806708919845
0.3946446910303595
0.3948186928086344
0.39473648198638195
0.39469259924825595
0.3946909978001128
0.3946695191219515
0.394768011268015
0.394716164876711
0.394683481575634
0.3947150374758611
0.3947242495772072
0.39466877196328753
0.39473130806689743
0.39464110129467717
0.3946651685736778
0.394664532550106
0.3947125746815215
0.39463399475366534
0.39464575734957724
0.39471190248817073
0.3947196634330413
0.3946864881310694
0.3948077305429307
0.3947324563753237
0.39478762559428615
0.39470248541380343
0.3948666611563267
0.39468281909757774
0.39469949500676293
0.3946275041491975
0.3946633558835227
0.39463810005639616
0.39457870524228933
0.3946947578816687
0.3945931243476363
0.3946186705176526
0.39460353494215644
0.3945262891605562
0.3946764391030509
0.3946545150311508
0.3946440672493716
0.3946564034743456
0.3946056263562341
0.39464684841653846
0.3946378895364669
0.394590328443418
0.39461430782526075
0.39457931740431007
0.3945972293877917
0.3946439187300888
0.39456699670411416
0.3945697993040085
0.39453090786408745
0.39460354413229987
0.3945535077397519
0.39458565784839805
0.39471280574798584
0.39456264668099156
0.3944951750108324
0.39439928767964705
0.3944362827334635
0.3949375663297292
0.39487036865713315
0.39479988360457485
0.395778220393059
0.39500605436411196
0.39514190483723444
0.39501617934210187
0.39515238921547774
0.3948411985509721
0.3948920860164491
0.3946483531712435
0.39464598657801286
0.3947334582650714
0.3946279194780383
0.3947480695757047
0.3945861779776964
0.39461970664068463
0.39451123307980107
0.39460233365911745
0.3945757833346396
0.3945157632953795
0.39455417763556677
0.3945068185943864
0.39460022018869545
0.3945655478779965
0.3945570171273227
0.3947100080057388
0.39451909084939746
0.3945287873697701
0.3945568545274272
0.3946177744786645
0.3945240648832615
0.39461083270379627
0.39464323563985365
0.3947247823429528
0.394497726194659
0.3942326147125681
0.3946303361575509
0.39454489467165016
0.3945245698160012
0.3945446775216888
0.39455629944276177
0.3944829471310855
0.39449880255739067
0.3944726920469217
0.3944739491929042
0.3945080876875554
0.3946177176967066
0.3945539136158737
0.39463470712107185
0.39449009108911004
0.39451364733049
0.3945622433649811
0.39492055320792263
0.3945195330922299
0.394652100124023
0.39438838396828607
0.3987589769951573
0.4022578704724753
0.4087865037539982
0.40452650852402927
0.40038765789653763
0.3964046942242442
0.3945268258649347
0.3947957251959435
0.3945955040696434
0.3947772456554589
0.39463282488122386
0.39467797142818634
0.39451278568889603
0.39460173341146126
0.39464952635870104
0.3946224678849334
0.3946984583585798
0.3947651409892784
0.3952118006046648
0.39496215534630325
0.3946741397947992
0.39471072457435374
0.39449489851880176
0.39452796412984703
0.39444411687126246
0.39446194712811106
0.39443821423904485
0.39443932335807363
0.3944853259997221
0.39458272977022346
0.3943970970776638
0.3944397854910023
0.3944096439210329
0.39450100655072584
0.39450055912202675
0.3944115470028134
0.39720291575408717
0.3946498432873629
0.3956858696916555
0.394567304770852
0.39462480073720874
0.39441990281254186
0.39443856714055403
0.39443158079348994
0.3944685600271309
0.3945271118096843
0.39443938821422897
0.3948118381103755
0.394690618575407
0.39449038451726215
0.39448045397645054
0.39444099484823875
0.3945609586485682
0.39441053306741336
0.3944433108300365
0.3945904536263008
0.3943787796775675
0.39437741179035624
0.394399847490672
0.3944786104993148
0.3943615779608882
0.3943956637106803
0.39443070142804787
0.39437060163147125
0.39437502832664795
0.3954620101378353
0.39451076497327914
0.3947608912043635
0.3944946659425282
0.3944321372566769
0.3944489384800327
0.3944872396501676
0.3944256463239897
0.3944400447515139
0.3944654821824397
0.39450016394585763
0.3944950849474264
0.39472271646434515
0.3943914004359476
0.39439959108566924
0.39442481500986915
0.39463644911276613
0.39431050485451313
0.3943845377619571
0.3944726843665875
0.394442807997901
0.3945096144986048
0.39459207292957976
0.3944872024957304
0.3944752454626403
0.3944115164784083
0.39447457307235784
0.39427947768293287
0.3943875295475191
0.39515507326252136
0.43100933251401924
0.4148739629511266
0.4076314474648841
0.40900281898775814
0.40045126412671045
0.3959169135744876
0.39516688312202825
0.3950467895437442
0.39473009956303146
0.3946538922019992
0.3946978638875852
0.39468222935294267
0.39445549827315207
0.39433616478537675
0.3943352546985979
0.3948945206167414
0.39539226781297887
0.3942808139297931
0.394464306894378
0.39410937383836586
0.40174313736382034
0.3931520287160831
0.3987401762591585
0.41216098993097633
0.4151712965860241
0.3956975692694408
0.395532313159909
0.3946940087536883
0.3947128104415234
0.39398892473281744
0.39409738221095
0.39412493432670964
0.3940528088335424
0.3940353506462164
0.39398557735434714
0.39400472039036816
0.3939026466156418
0.39378085647122973
0.393696196016236
0.3938098851804691
0.39396242114678354
0.3941434325100567
0.39392231687050033
0.3932249877552629
0.3934420336710724
0.4210434734558744
0.41452587858695816
0.39499005852554336
0.41633320038539195
0.3995436095193619
0.3976653654144724
0.3960947672044653
0.3946394172665306
0.39433638147583094
0.39454723586069856
0.39458393965261096
0.3942322064732665
0.3941482489329603
0.39402719347487464
0.39409225115692037
0.3940144541636438
0.3940512010179427
0.39410849893670774
0.3941841303383201
0.3944357318500065
0.3964403941242705
0.3944519593458344
0.39512774623963276
0.3939553732914021
0.393750805161598
0.3935938141419499
0.39358338490456735
0.39564233801700993
0.39514986264810686
0.39341923246562216
0.3930737168778407
0.3935121971998971
0.3933337439458801
0.392439252479486
0.3917924093517438
0.3913848087651089
0.39119293189521404
0.39078272202991704
0.3906360785866624
0.39161098853475723
0.3900304384824988
0.3915490521208305
0.39108426481616654
0.3912042967220235
0.3902516283652856
0.39088690517232283
0.39063207201232997
0.3903299438795854
0.3901012835917494
0.3905233442126917
0.390351957227165
0.39014776792820327
0.39043631279914914
0.390561811921355
0.3904132023125493
0.3904619615705528
0.3898549322120944
0.3948854530960453
0.3930235579281651
0.3909550154918091
0.3910292184169072
0.39005382208046935
0.3900902854844862
0.38999384044288016
0.3900895266412113
0.3897275787486904
0.3901655104848257
0.39016302323814006
0.3902352570437125
0.6927754183172654
0.6912422295709013
0.690097959293668
0.6892538931926442
0.6884169770232381
0.6878037935836725
0.6874237262730031
0.687182348992856
0.6867686733275258
0.6864586845368541
0.6861705717011171
0.6858178064686611
0.6852217676355975
0.6851033817829014
0.6850405093856845
0.6850545708303409
0.6849972217093481
0.6851854957147842
0.6850448334794738
0.6850313917130626
0.6852891337503946
0.6850157301331407
0.6850399172778697
0.6850869264371595
0.6850631370943548
0.6852317898809122
0.6849881623284932
0.6851377760261166
0.68508448579763
0.6850195540205497
0.685011103289768
0.6849230827213909
0.684892556740849
0.6850125855286215
0.6850096284030293
0.6849560412016209
0.6849871220042527
0.6850151566681882
0.6849082758248115
0.685002654397015
0.6850033943348519
0.6849735321452439
0.6849271894026433
0.685066263843738
0.685000351347062
0.6849515007455969
0.6850865162941853
0.6848029762112622
0.684835943093909
0.6849842714843246
0.6852118480573142
0.6849975982426547
0.6849543998419976
0.6849036048687502
0.6848885574529875
0.6849337810986893
0.685087363625413
0.6849103522720841
0.6848694784525733
0.6847145428741556
0.6847829209550362
0.684838972165196
0.6847533250170132
0.6847857428542318
0.6846418779852107
0.6846626007084279
0.6845651935900886
0.6845228293918828
0.684790185369584
0.6846777502660709
0.6847208914252629
0.6846943928281641
0.6846993738859235
0.684681060555748
0.6848329901695251
0.6844225131992726
0.6843886732529963
0.6844071288991079
0.684301305972532
0.6843085992703879
0.6840180969973493
0.6840380558883566
0.6840152635448304
0.6840350092245093
0.6841857057836087
0.6841452300285978
0.6840477126285368
0.6839753381481255
0.683853321401033
0.6837724859493944
0.6838615087685606
0.6837475922139206
0.683493763339677
0.6834520954917706
0.6836071917664112
0.6835707260648585
0.6834908663438806
0.6832610413366478
0.6833861774810085
0.6832922248063108
0.6832182381121598
0.6831681022034868
0.6830818590088563
0.6830621613804989
0.6830004201586551
0.6829913229669243
0.6828680813049955
0.68279692648791
0.682627145676886
0.6826304058146372
0.6825316648126174
0.6825664797018278
0.682574156359954
0.6822948875931392
0.6825645607998718
0.6824613502372204
0.6819911100265739
0.6822356660460586
0.6819311267478876
0.6820461592485201
0.6819714373428916
0.6818547865892822
0.6816904403039538
0.6816307836692239
0.6816117994585752
0.6815626203751249
0.6817043129568058
0.6812234113920103
0.6809768584856378
0.6808371816962826
0.6806918760753413
0.6804087109502717
0.6802265021769486
0.6801124257138123
0.6800086595413444
0.6799643373174289
0.6796053624363197
0.6794146724734538
0.6792482163937607
0.6791500113083928
0.6788662826962408
0.6789470420009764
0.6786706828335833
0.6783817037611806
0.6783020231167125
0.6784841465529892
0.6786069271322914
0.6783717254972668
0.6783662958292184
0.6781930096349001
0.6776138126587553
0.6770430207252502
0.6767034549019936
0.676309486055164
0.6759391883921518
0.6754518560901087
0.6749675701893374
0.6745314810769674
0.6739756533227829
0.6737606840511776
0.6733869532131413
0.6729532632533675
0.6725547718056498
0.6719731635984345
0.6716839182744467
0.6712755235281285
0.6708558359335173
0.6703534654058548
0.6699709409133978
0.6695077920800264
0.6688228493745106
0.6681125775832962
0.6677241335881439
0.6668491108827129
0.6661692413989668
0.6654583370633063
0.664892852831517
0.6642428329337536
0.6634670280675006
0.6627218985872647
0.661920272043623
0.6610708467760801
0.6602975647354966
0.6593549170157983
0.6583706794331252
0.6573469216077863
0.6564379746693346
0.6555982061419718
0.6545765124228557
0.6536884693847353
0.6527688222309567
0.6516060065067812
0.6502371987057153
0.649181105229298
0.6480827121482546
0.6466976325417405
0.6453663025395986
0.6439677694820622
0.6427318206967761
0.6415010451745357
0.6398996028080911
0.6384129286600104
0.6370599997201155
0.6359576042003043
0.6342467484495188
0.6326661965920537
0.6313708085845745
0.6296265721321106
0.6278188567329609
0.626169489343786
0.6241227060162549
0.6222337093122206
0.6201731352554019
0.6181846124485201
0.6166653876000039
0.6146746808211709
0.6128607626003316
0.6109436766166519
0.6086886819238705
0.6070669097784858
0.6046667647781876
0.6023806603994664
0.5999185521697158
0.597646453044488
0.5955440381024902
0.5933049532547922
0.5908170641781475
0.5885360545523891
0.5861753876513847
0.5838804890930915
0.5816084510166739
0.5793463973746951
0.5772879195896015
0.5753860954146028
0.5726333809319046
0.5704542612451814
0.5681029287728969
0.5656103071662297
0.563417839846422
0.5605918390897927
0.5584363845476495
0.5556596320631221
0.5534786923341289
0.551140798083486
0.548637667941627
0.5465537608982708
0.5443284120328626
0.5414963386920055
0.5389964010746994
0.5369500076718268
0.5345982859313225
0.533208261371184
0.529580836516645
0.5273342429278706
0.5254336440615717
0.5226486631164466
0.5225475552586207
0.5195150557856203
0.5171063689408323
0.5142964425328544
0.5115085777207093
0.5100478978934267
0.5083207111264115
0.505637804448342
0.5040626926306586
0.5022818444846485
0.5000558910390879
0.49824914231174317
0.4967164603361474
0.49484507168442143
0.49264550773582794
0.4907478063248328
0.4888326189591496
0.48723525071459195
0.4852884795172099
0.4844875631090828
0.48371854247238144
0.4809319636895268
0.47920717449965455
0.4778219584851538
0.4764508507850412
0.4747323829697092
0.473158957608996
0.47157095471142674
0.4701049708584857
0.4685931557600719
0.4671274460359817
0.465799853665188
0.46442445955087436
0.4628461786435039
0.4615647840079757
0.4607054630565223
0.45872584786184034
0.4577052245318627
0.45656937544566417
0.4552767317463123
0.45411192379596477
0.4532604382951879
0.45220618862412576
0.4513602268590801
0.4501949245446579
0.4495101186409921
0.44944420758848147
0.4523583542933023
0.44844335711474986
0.4468901117992821
0.4447774887084961
0.4437891838308998
0.4424780893430836
0.44201881533677356
0.4414243995486902
0.4396715274466292
0.4389498187844449
0.4378087978793661
0.43704570685451777
0.43645612390030847
0.43530869628364294
0.434717508861672
0.43435917912863425
0.4335572808849654
0.43281716160837247
0.4399425282352296
0.44069376968602253
0.4305588457946735
0.43055677545228194
0.4304870495712179
0.42918386648404966
0.42806418640498023
0.4289459747627443
0.4271076397748771
0.4263155478737953
0.42603834058744794
0.42538563578927047
0.4249715206381508
0.42491799724259566
0.4242672668154544
0.4233825112229402
0.4225393995183155
0.4230247172752666
0.4226721693240598
0.4214781709179479
0.42073949180248027
0.41987376203883586
0.41928768262989197
0.41899915768186424
0.4184017359947843
0.4180007942578866
0.41751050601184103
0.41680490274786425
0.4201167815976206
0.4193384580412625
0.4170605507453633
0.42088314588899656
0.4180234137610717
0.415408740484767
0.4159326340658549
0.41487864998993895
0.414574275786131
0.414452040904419
0.4137072292718593
0.4140330907531772
0.41381171490127294
0.4129885369460488
0.41287605123110277
0.4124148175579861
0.41222691854322535
0.4121277993996238
0.4117859874396597
0.41264966182771756
0.41369194527554615
0.4128615212860612
0.4112143299259278
0.4115565432325859
0.4123772078148594
0.41076968577464773
0.4129465358897978
0.411038210738598
0.4146765796098415
0.4135460367811934
0.41128009314841635
0.4105494548833318
0.41025791478052015
0.4094985579078943
0.409004675724958
0.40873236310902145
0.4085801168948018
0.41112522406725105
0.4093660087312371
0.41027189646786005
0.40879923991432277
0.4079024581657107
0.407532842280056
0.4071684593933794
0.40688246271946354
0.4072361869433903
0.4070458519169938
0.4064630094078669
0.40634782828948574
0.40572991934379293
0.40687999457514756
0.4098119273584845
0.42271132747507306
0.40831699008983663
0.40589634548987585
0.40680208736579326
0.4079029478690698
0.4064185800531362
0.41415994853962884
0.40877742934069444
0.4055301946165278
0.4054057821303212
0.40537699728810317
0.40509186081161586
0.404789777316711
0.40460913953276983
0.40476070147516446
0.4046199348004379
0.4048532213408516
0.40454234320686777
0.4045119243571412
0.4047301156930461
0.4109851196408272
0.41199774967941416
0.40480525315726906
0.40579267981819117
0.4056205733757187
0.40543042595953666
0.40842814645053005
0.4047925183426441
0.4030085534251209
0.40609604576479497
0.40476440411832365
0.40402177616231766
0.40374098882276055
0.4038431279459714
0.405628703042274
0.40655025498457414
0.40613874044712417
0.4074550832289431
0.40351753140336094
0.40213742550249143
0.40293543920380426
0.402893430532863
0.4020140643686975
0.4020296603047375
0.4018214128353522
0.40114300419055415
0.4063325702881498
0.4039891950359428
0.4005791604650178
0.40133505081552767
0.40105571016866204
0.4009090637057888
0.4006917123489968
0.4017574691956264
0.40488199535182917
0.40347443993658744
0.40076843573658477
0.4003885685084675
0.400252612414339
0.39982979465686275
0.4001924358800644
0.4001518051398483
0.40001957453294995
0.4001583459618858
0.39970647638852375
0.4006454345938393
0.39962761176315176
0.3992631311983789
0.39952217081832464
0.39929404316494643
0.39916135948397513
0.3990372585436321
0.3994325052799107
0.398829517385508
0.3993347984316065
0.39893525707564165
0.3985546323171271
0.40847795873486525
0.398723534944299
0.4025809239711005
0.4001569904157244
0.39890907494769745
0.3989899587788771
0.39870617857063395
0.3992044999210845
0.39864919974677887
0.39906931750574826
0.3986447551308224
0.39845038957007656
0.39833522604425575
0.3979866446574354
0.39848521837579
0.3985656833333591
0.39813577019433094
0.3980934215537252
0.40105928986083045
0.400914390641162
0.39858528774740415
0.39828325814612636
0.39804457489089295
0.3979537613722721
0.3978750028274133
0.3981427243758928
0.39791637097817684
0.3979651870509601
0.39802533680253094
0.39751818408524936
0.3982511984619275
0.3994912783479901
0.40267468076445456
0.4003491094458996
0.40324254150170064
0.40192383711558605
0.3991267295135801
0.40524374532804613
0.40169791818190254
0.40213966658461986
0.4019279671004165
0.39754722848337654
0.3982679585265693
0.4011973853547142
0.4058040220635053
0.3984073717557386
0.3978835564878018
0.3985546595593381
0.3977908245923761
0.39781257103193174
0.39723454881869746
0.39726630857599987
0.39700004904805825
0.3971246241998042
0.39708064378358193
0.39699060164621747
0.3967909458450284
0.39689026471014066
0.39694916020405974
0.3968147007904389
0.3970751872671858
0.3966225017403716
0.39788851325732494
0.3972559826620875
0.39697260340667506
0.39680350148467763
0.39714328517997843
0.39680288495733873
0.39749440196327174
0.39700640626415806
0.39679829474325223
0.3966469571060021
0.39678147513960954
0.3966849823749013
0.3970599100978364
0.39694199976942085
0.3963402458487103
0.39655402735991624
0.39704805848882063
0.3968393516435497
0.39659631938267387
0.3965316480476951
0.3964045649057968
0.39654279329571956
0.39663121885402614
0.3969495172411335
0.3964911631025407
0.3964086377148061
0.3964377596383578
0.39682761904689184
0.39676264197553307
0.396260055610787
0.39633388613814297
0.3962269573747324
0.3962268863808741
0.3961687518636561
0.3962957348986344
0.39674117334088566
0.39634011068795744
0.3965044759443678
0.3973282001879772
0.40061749576997124
0.3994552632588647
0.3974193780957865
0.3979249302511173
0.39717730499049114
0.3963663349920958
0.39626017042193645
0.39650379567681954
0.3963124851823378
0.3961658409513566
0.3961979385120753
0.39601882255024845
0.39904236084564143
0.39997378884433127
0.39655181988745536
0.396288722622237
0.3966008974198203
0.39630313670582706
0.3959258645772934
0.396064940790773
0.3960166635886163
0.39590513601177063
0.3966961103914068
0.3960446573564135
0.39605663473910696
0.396174336319978
0.3961419607574194
0.39593322430675776
0.39612552457969097
0.396040706382449
0.3963286183479074
0.39700396598566995
0.3972836520834641
0.3964478149681889
0.39800453737443764
0.3979638801797371
0.39649216548461746
0.3969277737555525
0.3959932507134744
0.3957072705161729
0.39586661040520355
0.39651561886203446
0.39611212777933885
0.395819443766241
0.3961988831931799
0.3978930267665355
0.3958575421624247
0.3955847124039864
0.3959017025741712
0.3959180702196869
0.3956283156961071
0.395998989367275
0.3957390346716154
0.3956921231904219
0.3958231880932652
0.3957793667978127
0.3955716446107705
0.3958055568030227
0.3956159206870369
0.39561416100431646
0.39565166187706496
0.4011658587644804
0.4066146530112506
0.39619124874406975
0.3965043790539981
0.3973135459134232
0.39584815876336876
0.3956243773914119
0.39566055662306393
0.39544916251419926
0.39547266676562476
0.39555885797030077
0.39553262037327636
0.3954346967688741
0.39540283959605094
0.39538204118543785
0.39744100138741967
0.3974713182265538
0.3952943033452601
0.39535038901845787
0.3957348814488508
0.3958144862746352
0.3952264921649437
0.39561074919637607
0.3954519382657459
0.3953597844959881
0.3952765506794799
0.3956544673652901
0.39665786062043146
0.3981809484801103
0.39609637869612235
0.3963874885032881
0.39571954894170885
0.3953047362258781
0.3953914875369765
0.3953596130013466
0.39565065089563967
0.3952231302135316
0.3955183230701522
0.396097083186263
0.39647600231979385
0.39650363412722617
0.39560056225056167
0.39550045644659304
0.39568732619810737
0.3953630902562372
0.39620413765770746
0.39728692534999177
0.3962759554780002
0.3969082703017978
0.3950303632782419
0.39810196287306393
0.3975422623924222
0.39696982076252085
0.39934540057497403
0.39695524742687327
0.3957858826751751
0.3955796539520902
0.39530705191227833
0.3959253086392575
0.3951626866399454
0.39519939604440973
0.3952673306024022
0.39499949988814703
0.3951448498843525
0.3953180406981103
0.3954176171169932
0.395228139104297
0.39496002979740696
0.3952819168042506
0.3949272018828581
0.39518472460398063
0.39516150189916466
0.39518503930075055
0.3949589442445318
0.39500629357041767
0.39499597822517024
0.39515657486632005
0.39493316490744707
0.39519549046318964
0.3994291825507181
0.40218286820182714
0.39709570590357424
0.40018550802169917
0.3958607298293303
0.3953851740397021
0.3955945907907339
0.39517508230545445
0.39499998959150606
0.39519813223557326
0.3959238993964006
0.39525479084857235
0.39710066812153955
0.39558870053238804
0.3951030780565371
0.39495237283244533
0.39484715757128425
0.3947325763723399
0.39470229288029773
0.39490660178241227
0.3949273449208768
0.394696973493971
0.3949975247950281
0.39490121596447697
0.39472157445773154
0.39464089497595634
0.3948665368924582
0.39464283389929633
0.3947758758645751
0.39473123303594043
0.3950557264331154
0.3948022509198882
0.39467438753480955
0.39475037978084077
0.39476613116159315
0.3947422119095462
0.39493258172720014
0.39533650586258473
0.3945843096215294
0.3946109653700816
0.3965506758458814
0.39801832744728627
0.3970397621524491
0.4001659956403766
0.39625977143842217
0.3946057980806292
0.39522685274678704
0.3947560376926666
0.3947256031540522
0.3968708315609835
0.39907980352508865
0.3971731148758649
0.3961914349757627
0.3948018893533866
0.39463462618216544
0.39498127694959684
0.39500409860311625
0.3945825877825069
0.39457700536114526
0.3945951470325697
0.39462479962126273
0.3946081069072438
0.39428339130552853
0.3946113111164076
0.394804071552953
0.3943538878457662
0.3943960228155363
0.39444869730441057
0.3943722412843536
0.394638464839448
0.3949476829381241
0.39505523016536814
0.3947772207764277
0.3944792397615668
0.3943668173273229
0.3945370972287812
0.3944359823470599
0.3944466924746131
0.394684948552285
0.3944933965867837
0.39437674196018524
0.39457026537557005
0.3949199824343694
0.3953186662843049
0.39454119104383273
0.3944925770885619
0.39490168860042674
0.394289465202634
0.39626805254541303
0.397928033368703
0.3974197097943218
0.3946283336252893
0.395860179667956
0.40118028653481985
0.39475730662172587
0.39557812891342564
0.3981170560426124
0.3983221395425334
0.3968288433709334
0.3983171415486525
0.39716189866680407
0.40691379710441117
0.3982425255922494
0.3972243220270468
0.4014106463099366
0.39766468655826764
0.39575076661183445
0.3957501001295014
0.39562882650397424
0.3951174501280427
0.3948883921039262
0.3952110422208971
0.3946552578573185
0.39483606874417626
0.3948516679624104
0.3945109819591308
0.3945105839930967
0.3945440755672917
0.39440989704384155
0.394431680834766
0.39444586440986473
0.39456429243875496
0.39445817926775517
0.39455415787675835
0.3943020258312183
0.3946683541728011
0.3949950807420168
0.39485417920193483
0.3944817679043908
0.3944492164162287
0.39458211265208964
0.39457846423077686
0.39455856441926324
0.3946257414140365
0.39428977687978534
0.3945021780970863
0.3944988156205232
0.3948745261467501
0.3942656475016724
0.39417603874521634
0.40122035710296966
0.3980821113754474
0.39450759135416424
0.39414836840482537
0.3944922843168486
0.393982375508363
0.3939734173175522
0.3940526664519625
0.39438322580333324
0.39469392105346207
0.3944406114879684
0.39393410710248655
0.394090801083569
0.3946247376534382
0.39503822058833116
0.3938309035637305
0.3957393650572731
0.39536736518275895
0.39431058914125755
0.39532940641111214
0.39472339568159126
0.393744501970413
0.39405893202920317
0.39392131442277967
0.3938686631718396
0.393861264646841
0.3964383236505912
0.39556382747473695
0.39392657006889714
0.3939360341442839
0.3939023895542002
0.3942553752844554
0.39441986992495703
0.39389885364650107
0.39425721646405526
0.3949587765244135
0.39413525407009714
0.3944479581543002
0.3940921792768697
0.3940722132963231
0.39401540888826225
0.3941015264405028
0.3939175937275529
0.39382212165956454
0.39401215446152876
0.3937754489251696
0.3939054589964745
0.3940547208428908
0.3942595839106564
0.39451703435786495
0.39379023534085783
0.3938300732999121
0.3941811585741421
0.40170090553650245
0.40087831676794045
0.3934199334766371
0.3947444917872089
0.39431278998368635
0.39408987642384835
0.3938623587990647
0.39378783165883385
0.3936846679002703
0.39385784361593523
0.3939139252192123
0.39417669820365403
0.3944548591643178
0.3936765459140492
0.3942012051653757
0.39399710914637026
0.393891563794949
0.393544529240562
0.3936691347854253
0.39367028814843047
0.39366169805568746
0.39366737782692596
0.39353310858363094
0.3935881997520178
0.39549833746208496
0.39438978769705685
0.39492010692799145
0.3940460101623367
0.3935695782238166
0.39382910308333746
0.3943088081570974
0.39358382419342514
0.39349228064919356
0.39373339299063326
0.39353661468900775
0.393404156954278
0.39374099054788175
0.3935511231028561
0.3935636274089897
0.39355418877060716
0.3934746846753595
0.39379153298911546
0.3950928789009607
0.3945141670987469
0.3942315633601554
0.3941669776576206
0.39387507979565256
0.3935092994820179
0.3934527108453969
0.3944567548939835
0.39418553236035
0.393495258321321
0.39402477633585486
0.3947683971883967
0.3933709468610486
0.3935636020704513
0.39357137161467043
0.39352418357580243
0.3933814366877342
0.3934364907016838
0.3935578433952668
0.39339919000995316
0.3934607348909462
0.3943612233526381
0.39520556837451615
0.39364987565819914
0.39392546666088607
0.39333592053289457
0.3936021716584193
0.3934002986038309
0.3946266510413082
0.3942355738731208
0.39380942711746114
0.3939028172240908
0.39708848855568973
0.39392089029765864
0.3939774823477615
0.3948133233360257
0.3935540339495117
0.3933426732533829
0.3933821191871744
0.3935795939047431
0.39342651677026624
0.3932940052075533
0.3933553161993951
0.3934099005313697
0.3936843021325603
0.3936310075059336
0.3948324246553597
0.3934658397530669
0.39448262068406076
0.39314990500521557
0.39339762499416453
0.3935922610077039
0.393255557520274
0.39353748302627767
0.3933062828453627
0.393301101836339
0.3933673936890085
0.3936686631341338
0.39320905014281754
0.39348639816964776
0.39357453532155917
0.3933680097568403
0.3932091192001813
0.39321974799496484
0.3950694242763099
0.39496736845518526
0.394200073202276
0.3938381522237467
0.393662035727816
0.3934371492411072
0.3936950989756815
0.39351277322496087
0.40292538853468873
0.4062237006977266
0.3939520529582112
0.39560823792402966
0.3938422296934716
0.3941626486405402
0.3939039699306572
0.3933016700497808
0.393198773790036
0.39323546957339484
0.3935350738958115
0.3940474635835261
0.39297439742193346
0.3939714364149497
0.3933629566877424
0.39328226565264396
0.3933958805080027
0.3931166728556419
0.3935208233311313
0.3930102998989794
0.39294498581193094
0.39304190539315936
0.3930056790948439
0.39317560012119984
0.39303797010808267
0.3929083988004844
0.3930258250709147
0.39329605211507906
0.3928812165223554
0.3928701794226264
0.39293470555333837
0.3931791870998391
0.39324332117246635
0.39289352626002305
0.3925934052546119
0.3929623499315741
0.3930225369688698
0.3929219736926881
0.39281687599971954
0.39300624592976424
0.3928782032056002
0.3930766298907444
0.3928549100648989
0.39282939067758654
0.39431477800865006
0.3939168935042646
0.3930560323504099
0.3930074559434395
0.3933182099448427
0.3928954995151133
0.39285215275928315
0.39348381252278314
0.39392579087601887
0.39282356123829726
0.39283592431161896
0.3928845372494097
0.39307955865817973
0.39277867903924724
0.3929737928417811
0.39285460659323285
0.392892303905298
0.39277518629240044
0.39287467963895084
0.39290533290297974
0.3927233020245766
0.3931212278189638
0.39292530177185714
0.3928138093801322
0.3930042001710064
0.3929735684709927
0.3929107783912037
0.3930344395831818
0.39285130129249085
0.3927886178840099
0.39276942912702517
0.3929197756729462
0.392854896673547
0.39295158978338285
0.39256806993274435
0.39271553300550854
0.39281015311437556
0.3926119844425092
0.3926502132730862
0.39288234546583656
0.392690586853395
0.39286796059377393
0.3927817932834709
0.39337089040731016
0.3934304812996923
0.393151470677443
0.3929710816181704
0.3925712087606018
0.39294969530095086
0.39263418060829985
0.39266577389271773
0.39328459811105604
0.39359922956527593
0.39325335392080213
0.392940937816309
0.39297115934052657
0.39390740011888453
0.3934645927818861
0.39284429807494914
0.3927737650367132
0.3929280659044367
0.39277280427285755
0.39276813915910175
0.39261577449049717
0.39250640964980693
0.39250070224249417
0.3926377121178589
0.39280758476467387
0.4014672954045728
0.4012525489283028
0.39304669598519537
0.3948792206033211
0.3929221538195001
0.3926319249532296
0.392789067544601
0.392737544711991
0.39476056895854716
0.3989956045465847
0.3951238246741274
0.39357703136452493
0.393022593553896
0.3928669469209495
0.39287953991196756
0.3928645749449205
0.392758991913911
0.3926361463143437
0.39284622137504527
0.3926412762524273
0.3927323826084053
0.39253920841847223
0.393134708512197
0.39266632654855954
0.3926777065719277
0.39256295762004306
0.3924682244724114
0.3924410618218031
0.39241331815719604
0.39243464316302984
0.39251706791869345
0.39248518389752257
0.39250335418967947
0.3925520449482922
0.39239327228804516
0.39231855510877617
0.3925162145482286
0.3926490986399714
0.39352146900435375
0.3967569323363283
0.3920938110036472
0.39537279649190443
0.3935583837100588
0.3929349813561082
0.3929691883829722
0.3924935221146907
0.39237118489416684
0.3926385901047795
0.39215678239183804
0.3933575245252265
0.4011622566221044
0.41548967532124287
0.3929247823318196
0.3934030988733674
0.39317014012567797
0.3927605141627106
0.3924401184535762
0.3927484989034972
0.3925401161420713
0.39242366337040974
0.39240200719119167
0.3954595969046265
0.3982489495025332
0.39396340849641137
0.395470741561856
0.39242171417380217
0.3932283466542345
0.3928822772618432
0.3927193982485633
0.3924327562952882
0.39217996200144556
0.3924765819888808
0.39246474567488954
0.39257863859773207
0.39260486825184676
0.3921665003777601
0.3922497099060319
0.39227996865033055
0.3921653239737523
0.3919916741123283
0.3922140301586773
0.3917620624477118
0.3925526451959484
0.39261703101286277
0.3933765856705048
0.39377469113219676
0.39243707677866396
0.39274131700330894
0.39274483229882917
0.3922721108150902
0.3923052961605761
0.3922551416090406
0.3923636816671766
0.39222784504491326
0.3928417073078618
0.3925356729374583
0.392073690825622
0.3920892910285143
0.39374669313036925
0.3927815323162184
0.3920854100637499
0.3924898358168581
0.3919810381623617
0.3921153865065344
0.3924391839472733
0.3920765968146303
0.3924584564002075
0.3922386703774792
0.3922969361496392
0.3986609218404156
0.39848007281446246
0.4280295217089716
0.4393785453446636
0.4379272332275492
0.4282090855261828
0.41660565328230414
0.40226660636028005
0.3955477117047961
0.3954729529729499
0.3931438324209877
0.3940846178894001
0.39365130538194715
0.3943890786774883
0.39466150531684774
0.39329013871726487
0.3926727203283016
0.39236462267222383
0.3922729495141475
0.392200353846676
0.3922532878258155
0.39206196781297087
0.3922812341987299
0.3919640650833231
0.39218578582818286
0.3921754221690384
0.3920128153809367
0.39199544062698466
0.391938745647275
0.3919634383155386
0.391930036017023
0.39187363118327134
0.39181812005815003
0.3918188642956612
0.3917713729820588
0.39256335519221386
0.39240628218335727
0.3930302512737623
0.3926512341667377
0.3922634114252838
0.3941475956450475
0.3955293008934559
0.3932600790708601
0.3917583552751247
0.3920842552237574
0.3922303499498031
0.39467319281615876
0.39242717137945904
0.391845155589381
0.3918916294228138
0.3917398447507279
0.39179272719942
0.39191790653745506
0.39169477681231396
0.3917948222895551
0.39216250345307824
0.39167003241667137
0.3923947837384262
0.3920216452707803
0.39164713143252067
0.39177219307107547
0.39211465792508904
0.392097250907169
0.3919342072918552
0.39170512990279344
0.39170840651715905
0.3917828539000734
0.3916037082672119
0.39179351919285527
0.3916145108869947
0.39202303849653003
0.3916196374444184
0.3915832013810784
0.3914721765707243
0.3915796237895142
0.3915222516931626
0.3918085434363277
0.39157627516381016
0.39410286747936635
0.395728441915323
0.3907025908058435
0.39848158177037596
0.3934009487408373
0.3922348492471132
0.39152623115657187
0.39141960868751424
0.3925371835016469
0.39198636883943616
0.39157788803398874
0.3914170164106176
0.3913565849155056
0.39178478855656107
0.3919990327914906
0.39143380411133366
0.39129387620130823
0.39138307872060113
0.39468671089358265
0.39541160423587596
0.39186304006807604
0.3912084963878346
0.39164113532341527
0.39139695839734856
0.3913819224692651
0.39143351705063806
0.3912281146527387
0.3912195550187569
0.39119183016112197
0.391153030425704
0.3911652181642171
0.39093433757054125
0.3913422618143359
0.39114753790363865
0.39088355982881284
0.3910896072434959
0.3908952141123196
0.39100200397327606
0.39079690294643854
0.3907943513687487
0.3909416204638418
0.39277221347792035
0.39123080592060927
0.3911069812753652
0.39105194866132104
0.3907416623725765
0.3907437787313293
0.390996324530257
0.3907078804554918
0.39124494607228016
0.3908706571956038
0.39780872876423573
0.3950882093890648
0.3904891938364978
0.3920869654627098
0.3913916323153458
0.39045541953410345
0.39085998248292486
0.3906402049610793
0.39048090196391033
0.3906892889921886
0.39038354368461914
0.3904239096830595
0.3909847463280094
0.391282600190671
0.3901644056982931
0.39038337169764853
0.3901459067928634
0.3916989832722668
0.3933109750700417
0.39070241074467543
0.3900305741684027
0.3898871853816352
0.3895051999239144
0.38951890662903305
0.3892982775419294
0.39030670778341753
0.38937223614049904
0.3896123417673657
0.38953210492228624
0.3893181764344287
0.3991187118354873
0.4173627295880066
0.39617384451601473
0.3908906785795867
0.39103139044167184
0.3890774208674872
0.38912225885538276
0.39273504394266573
0.392910099502177
0.3891003686557257
0.3890820507961223
0.3890734217765573
0.3892585616804955
0.3887719737800733
0.3887671492829722
0.38871971205992845
0.3893302982336624
0.39512212768131416
0.3889019684250659
0.3893998728055786
0.38979473801961556
0.38841387288160784
0.3919534244726408
0.39371301292847954
0.38837831969565756
0.3901068933209659
0.38880507067042824
0.38946546929260706
0.38893537899471065
0.3881490495761586
0.38841099045875316
0.38818110748797263
0.38834421494196164
0.38840773163387954
0.3887071656760665
0.3883786338016325
0.3881648756596485
0.3883117686809422
0.38868270000434657
0.38835875617775095
0.38813211535829806
0.38795059472978904
0.38809565746836727
0.3881500412582826
0.38810407452383755
0.38812861755687234
0.3879759083891755
0.3879987910586832
0.3879104633425826
0.3887212360482909
0.3883472389258477
0.3878223439145193
0.38813692252541426
0.3881763792248024
0.39359744838418415
0.3956401994049812
0.38798293530415856
0.38902576851949816
0.38835884768532236
0.38759508164443635
0.38832975123159685
0.3882274246951032
0.38809393910847045
0.38815242977656983
0.3883635115518444
0.39047643765478934
0.38814502724729444
0.3881410672144743
0.38835821914515306
0.3892325149758797
0.38904610538797757
0.3876432035331684
0.3881718140866788
0.38806515567759586
0.3879085575037591
0.38760351602989146
0.387667986264838
0.38752652967291257
0.3875986237883043
0.38742174661107
0.3874764833681384
0.38759852322187716
0.38775450903676156
0.388269219629565
0.38923525567359335
0.38819386386661275
0.38760800797508677
0.3873249279244881
0.3874189996115437
0.3885104639152073
0.3879868175489787
0.3874132758589043
0.38738118492821766
0.38741403266721886
0.6954799286594475
0.6935151581722209
0.6915575512705395
0.69009716657815
0.6891624877631402
0.6883314727161425
0.6875372119412023
0.6872719318856226
0.6869974577479425
0.6868971536338067
0.6866380220467824
0.6864334683586323
0.686339838389258
0.6860354232893117
0.6860312619923495
0.685873379003634
0.6858517821664852
0.6856953562093726
0.6855045467746416
0.6854666324439028
0.685368655799244
0.6851980673058968
0.6853399169077432
0.6852056116259571
0.685126102705884
0.6850564747654919
0.68502396318881
0.6850199221514395
0.6850775519656714
0.6849900770292409
0.6850344551817436
0.6852907924400027
0.6850218499809635
0.6851529421260178
0.685046032399333
0.6849832429759828
0.6850380808246294
0.6849820409052172
0.6849963578358621
0.6849924992884834
0.6849990991243707
0.6849928592795317
0.6849909177960803
0.6849807676764836
0.6849688583008519
0.6851267638710627
0.6849720047433996
0.6848246137476177
0.6850174702211623
0.6849824297795737
0.6850374845156061
0.6850224841008627
0.6850494600602709
0.6851151294120083
0.6849209204119208
0.6849631648756859
0.6849767602487807
0.6849264003631828
0.6849249283647747
0.6848387552778101
0.6848938244554965
0.6850621731795928
0.6849083753409365
0.6848620039776033
0.6848066522686492
0.6848619876979206
0.684687021807952
0.684678619653643
0.6846221315178052
0.6848520796729605
0.6845724711334128
0.68475522685156
0.6844849547100488
0.6845499552819172
0.6843017021990032
0.6844768757862142
0.6843668878866187
0.6843024799477161
0.6843100573522929
0.6842645719187901
0.6841704695760416
0.6841392283397624
0.684102751872613
0.684096369186687
0.6841417711211721
0.6840209798140673
0.6839433322919097
0.6838493948465927
0.6838314163002148
0.6838244396684453
0.6837180774117356
0.6838144786032286
0.6836734700307973
0.6835708289944653
0.6835313638926602
0.6834021320952193
0.6833864993986054
0.6833361809999408
0.6832111007841674
0.6831498794618682
0.683129427979171
0.6830333027545576
0.6828739811145261
0.6829137305856277
0.6827614194496088
0.6827713442794027
0.6826676337729467
0.6826628709154507
0.6824898071226044
0.682372927928286
0.6823077183462974
0.6824666526874257
0.6823103123299351
0.6823112289811021
0.6823212977022851
0.6820800606374698
0.6820348593106879
0.6821487212496182
0.6822635948920565
0.6822098548716911
0.6821059760543218
0.6817740650954226
0.6816459560709378
0.6812070970493266
0.6812004063623067
0.6808073880388873
0.6806168143969801
0.680497118292401
0.6805148584201998
0.6801949114526421
0.6803348770750777
0.6800042813569964
0.6798015775134385
0.6797203329691278
0.6795819638059003
0.6795118380223076
0.6792901812145888
0.6792270055426375
0.6789777446948484
0.6788207938492561
0.6786704882651173
0.6785033649810085
0.6783708622802197
0.6783923241535472
0.678040572462628
0.677897130602782
0.6776259260555721
0.6776919506719984
0.6771206800633065
0.6769250665467216
0.6766204894376746
0.6764571950299099
0.6766126636366487
0.6766455835182761
0.6764416999228725
0.6764254945490329
0.6761177602318416
0.6758116838165317
0.6751604959828212
0.6749406365045892
0.6746955660996458
0.67435564737488
0.6740516374289727
0.6735751631501488
0.6733650738447248
0.6730375510480435
0.672812016262357
0.672747657425078
0.6724665627080438
0.6721694847560664
0.6719281064256173
0.6714848928514556
0.670790305484234
0.6703548097925565
0.6698070097599785
0.6693170047016396
0.6685897644921022
0.6678987281963163
0.6670839773400765
0.6663235504721755
0.6654003073465456
0.6644511929167525
0.6633263744971826
0.6625781103902977
0.6617758116533052
0.6608696782116322
0.6596513259253313
0.6589756828572781
0.6577370849474936
0.6564425144689199
0.6558154185963098
0.6542938199337358
0.6527033190895283
0.6513103926759459
0.64978655608215
0.6482882087451246
0.6467668521771872
0.645323268379934
0.6435693507677658
0.6419049244095051
0.6907700707208743
0.6899268162408064
0.689713953875235
0.6896173772832895
0.689392820854019
0.6890766631139007
0.6886174899365933
0.6879123205130321
0.6873461388806414
0.6867128791788076
0.6863733096794935
0.6861589209623798
0.6860494637279259
0.6861375357611064
0.6862344363712529
0.6859100103903447
0.6857011591285336
0.6858088074801777
0.6860468671185329
0.6857964958388375
0.6856126782652565
0.6855228900384273
0.6853870368739057
0.6854266083187994
0.6853601210442933
0.6853920717596482
0.6850211349878017
0.6850688630788861
0.6849594882931478
0.6849760586469709
0.6849615904728221
0.6849840393675581
0.6850134853749549
0.6850386595410922
0.6849800786782991
0.684986280187111
0.6849003150599644
0.6849592018232472
0.6850150579397899
0.6850272380307908
0.6849940261651766
0.6852029535738907
0.6851382478743397
0.6851341661377626
0.6851220401373204
0.6851179135003279
0.6854616374696404
0.6852746062341766
0.6852406867275154
0.6851336042261333
0.6851506944795012
0.6851055236114805
0.6850934196673826
0.6852847807732972
0.6849348075064269
0.6850429240302367
0.6852912732157939
0.6850068621698455
0.6848937532975286
0.6848092291848775
0.6848101088128952
0.6847790235464793
0.6847496308419148
0.6847576656530607
0.6847092220436634
0.6846011428055784
0.6844788892153602
0.6844470051941892
0.6843958279109736
0.6843747782812245
0.6843237496157575
0.6842155204470463
0.6841362202745177
0.6841783631215537
0.6841800588343112
0.6843764684798959
0.6844103333708473
0.6841630565437451
0.6840866213327987
0.6840754277380553
0.6839360828441671
0.683949290130632
0.6838126623683038
0.6837895265759876
0.6837443399534352
0.6836515145154777
0.6836018669972861
0.6835758906629117
0.683611145366131
0.6837793354946086
0.68360166245095
0.6834496687687441
0.6832674723364708
0.6831101391809102
0.6830247131213217
0.6831152074137449
0.6828913591506722
0.6827580655723942
0.6827769132437685
0.6826184486502592
0.6825377166533785
0.6824126540301655
0.6823049660296167
0.6822666289522784
0.6820522664927176
0.6820400357246399
0.6818253613253522
0.6817367118885864
0.6816889578025247
0.6815097759998843
0.6813207279217925
0.681198965347811
0.6810551905421959
0.6808727344227258
0.6806855010041056
0.6808395125792415
0.6803541369900304
0.6802379234246746
0.6800816660410507
0.6798492651678917
0.679776374463993
0.6794957140468816
0.6793052509492714
0.6791141660728118
0.678940161997001
0.6787070127835882
0.6785541147912652
0.6782498664267788
0.6780815862348951
0.6778046664687505
0.6777092265662643
0.677857061839839
0.6781938430496249
0.6776550338656891
0.6773496580018871
0.6771599198753088
0.6762570518228976
0.6758851857962588
0.6753670011322929
0.6750117241023396
0.6746924144055875
0.6742489461331641
0.6738287459911229
0.6733890795497642
0.6731949695406506
0.6726291263681151
0.6721541516581296
0.6716192283294274
0.6709910192678679
0.6706638685407093
0.6701068560457439
0.6694574019982427
0.6688154707396083
0.6684576459393102
0.6676369761055262
0.666928365104524
0.6663460440047512
0.6656015917068011
0.6648622454525616
0.6640411657383789
0.663529905191077
0.6625267114933366
0.6616597301634398
0.6608633711474583
0.659936230350696
0.6590100589827819
0.6580823268659315
0.6570362120472912
0.6560918557486345
0.6549156520860311
0.6539878362075873
0.6527403306856029
0.6517132455031778
0.6506304333913694
0.6492261068673911
0.6480566402363882
0.6467846416691851
0.6453901600207527
0.644307996207922
0.6430335527999811
0.6414778907393569
0.6398092962571703
0.6383246968496213
0.6365644309489212
0.6350759462112897
0.6335327289177983
0.632480914634755
0.630118271327754
0.6287339794478227
0.6266915212643829
0.6249698649944188
0.6229361295700073
0.6209669247072699
0.618777600941679
0.6170436540364169
0.6151508478866274
0.6134622110144157
0.6120541150874503
0.6095976748130395
0.6070379998190287
